-7.818545e-01 -1.591170e+00
-5.352632e-01 -2.116098e+00
-7.801486e-01 -2.272272e+00
-1.172138e+00 1.223610e+00
-9.292577e-01 -1.720706e+00
-7.527772e-01 1.024468e+00
9.103423e-01 -2.036320e+00
-9.247870e-01 1.011370e+00
8.082232e-01 -2.142062e+00
6.740160e-01 -2.114504e+00
5.570580e-01 -2.313809e+00
9.509693e-01 -1.951192e+00
1.018472e-01 1.955795e+00
8.013643e-01 -1.960079e+00
-1.384213e+00 1.246054e+00
-6.165895e-01 1.043315e+00
1.118760e+00 -1.977827e+00
9.371780e-01 -2.009334e+00
-1.060246e+00 -2.278059e+00
-1.077184e+00 1.022668e+00
4.040315e-02 1.005871e+00
-1.492945e+00 -1.465069e+00
-1.561368e+00 -1.726256e+00
8.166348e-01 -1.998302e+00
1.247393e+00 -1.767047e+00
-9.570299e-01 -2.320486e+00
1.744144e+00 -1.212168e+00
7.379707e-01 -1.927415e+00
1.452950e+00 -1.414313e+00
-5.565065e-01 1.339539e+00
-5.914729e-01 1.183705e+00
-8.957412e-01 1.265507e+00
9.972243e-01 -2.236230e+00
-1.026852e+00 1.327336e+00
1.432570e+00 -1.709859e+00
1.113825e+00 -2.044644e+00
-1.314459e+00 -1.666957e+00
8.842143e-01 -1.899951e+00
1.152159e+00 -1.833227e+00
-1.213599e+00 1.498577e+00
1.388563e+00 -1.988409e+00
5.153945e-01 -2.066790e+00
9.992160e-01 -1.918137e+00
-4.504094e-01 1.013096e+00
-8.919551e-01 -2.285911e+00
-1.198224e+00 -1.923804e+00
6.208131e-01 -1.911814e+00
-1.206428e+00 1.152040e+00
-8.720550e-01 -2.518825e+00
-1.144290e+00 -2.235182e+00
-1.255002e+00 -2.111622e+00
-9.348754e-01 -1.990980e+00
-2.005844e-03 1.896898e+00
-7.725854e-01 -2.242320e+00
4.320608e-01 -2.918494e+00
-1.204108e+00 1.029156e+00
-1.015674e+00 8.184480e-01
-8.222711e-01 1.004979e+00
-1.154338e+00 1.036320e+00
-1.285664e+00 -2.555202e+00
1.337386e+00 -1.522837e+00
-1.870390e-01 4.893056e-01
-1.124815e+00 1.274601e+00
-7.487712e-01 1.720056e+00
-1.476726e+00 -2.445313e+00
-1.169726e+00 1.129601e+00
-1.010642e+00 -2.018920e+00
-9.330243e-01 -2.263729e+00
1.100324e+00 -1.749775e+00
1.167169e+00 -1.682316e+00
1.104336e+00 -1.788787e+00
-9.918260e-01 -2.211091e+00
-1.374726e+00 -1.673370e+00
-2.246553e-02 2.414122e+00
-5.877863e-01 -2.069323e+00
9.435514e-01 -2.156388e+00
-6.936561e-01 6.261768e-01
6.494216e-02 2.245783e+00
-6.729056e-01 -2.019002e+00
-1.441061e+00 1.268592e+00
7.351140e-01 -2.028578e+00
1.118178e+00 -1.968987e+00
6.659767e-01 -2.567302e+00
-1.291068e+00 -1.940465e+00
-2.774297e-02 2.241001e+00
-1.215912e+00 -2.031703e+00
1.605150e+00 -1.540917e+00
1.347276e+00 -1.777576e+00
6.526674e-01 -2.424468e+00
1.327394e+00 -1.267169e+00
-1.912296e+00 -2.034686e+00
1.340225e+00 -1.649264e+00
1.003801e+00 -2.085050e+00
-6.949867e-01 -1.796979e+00
-1.385334e+00 -1.833956e+00
7.224039e-01 -2.354457e+00
-1.034625e+00 -2.203797e+00
-4.938339e-02 2.103426e+00
1.067694e+00 -2.183656e+00
-9.412517e-01 -1.916760e+00
